num crossings	time (s)	maj axis (mm)	min axis (mm)	theta (rad )	slope (V/s)
3327	5154.768531	78.954920	-11.335510	-1.550898	12.645775
3329	5156.840111	78.893146	-11.256998	-1.553299	12.803089
3333	5160.986589	78.871239	-11.074603	-1.559927	12.328023
3335	5163.058496	78.803245	-10.966166	-1.561959	12.401536
3337	5165.130088	78.708687	-10.840116	-1.563800	12.335758
3339	5167.200309	78.684389	-10.706061	-1.564986	12.737686
3341	5169.270252	78.580666	-10.596811	-1.565414	12.720969
3343	5171.340962	78.477573	-10.499105	-1.565475	12.276665
3345	5173.411089	78.392002	-10.359891	-1.565942	12.470729
3347	5175.481720	78.272820	-10.325764	-1.567582	12.262761
3351	5179.624427	78.035798	-10.171404	-1.570912	12.802091
3353	5181.695665	77.909731	-10.105457	-1.572772	11.951292
3357	5185.838710	77.827855	-9.921197	-1.576606	12.255776
3359	5187.910153	77.802721	-9.846688	-1.578661	12.451216
3361	5189.981352	77.678915	-9.741867	-1.580040	11.808322
3365	5194.123905	77.517664	-9.558231	-1.583596	12.243996
3367	5196.195018	77.438978	-9.455181	-1.585236	12.021809
3369	5198.266541	77.352409	-9.354143	-1.586643	11.726338
3371	5200.338565	77.236875	-9.255106	-1.588078	11.798143
3373	5202.410855	77.161447	-9.146034	-1.589426	12.570349
3375	5204.483432	77.057288	-9.079745	-1.589822	12.001581
3377	5206.555816	76.902917	-9.001969	-1.590886	11.719958
3379	5208.628185	77.007942	-8.963319	-1.589205	11.569981
3381	5210.699777	77.028664	-8.871995	-1.590035	11.608718
3383	5212.770459	77.000624	-8.805031	-1.592431	12.159551
3385	5214.840250	76.914339	-8.715549	-1.596093	11.575853
3387	5216.910152	76.771996	-8.625160	-1.599293	11.718667
3389	5218.980012	76.653700	-8.545697	-1.600975	11.659774
3393	5223.121980	76.326281	-8.338085	4.680813	11.333995
3395	5225.192948	76.288519	-8.241380	4.680397	11.582408
3397	5227.264306	76.199789	-8.145973	4.679839	11.152789
3399	5229.335717	76.073450	-8.074226	4.679311	11.175474
3403	5233.479078	75.902080	-7.901666	4.676873	11.061453
3405	5235.551598	75.835896	-7.835406	4.674912	11.396816
3407	5237.624654	75.827850	-7.751511	4.672904	11.479973
3409	5239.697083	75.849336	-7.657465	4.671372	11.538407
3413	5243.839987	75.673821	-7.471016	4.669189	11.076915
3415	5245.910273	75.632245	-7.350315	4.668232	11.092742
3417	5247.980517	75.512963	-7.258100	4.668144	11.317783
3419	5250.050863	75.435544	-7.144291	4.667409	10.862549
3421	5252.121467	75.336567	-7.078176	4.667093	11.317033
3423	5254.191916	75.232566	-6.980347	4.666192	10.961094
3425	5256.262929	75.136849	-6.910279	4.665171	10.896549
3427	5258.333958	75.021060	-6.836797	4.664256	11.023017
3429	5260.405052	74.930022	-6.757651	4.663115	11.147461
3431	5262.476366	74.867511	-6.659684	4.661770	11.039554
3435	5266.619283	74.687404	-6.491520	4.659515	11.223657
3437	5268.690905	74.591728	-6.399641	4.658349	11.081801
3439	5270.762633	74.510290	-6.325227	4.657284	10.777352
3441	5272.834847	74.412263	-6.256042	4.656790	10.484959
3443	5274.907082	74.347903	-6.167946	4.656492	10.741591
3445	5276.979229	74.290258	-6.116523	4.656843	10.771480
3447	5279.051392	74.113662	-6.012004	4.656346	10.825533
3449	5281.122975	74.251058	-5.948928	4.657111	10.703188
3451	5283.193473	74.206208	-5.881098	4.654764	10.913011
3453	5285.263331	74.135685	-5.815596	4.652618	10.557839
3455	5287.333358	73.998043	-5.733899	4.650154	10.528554
3457	5289.403107	73.852842	-5.649031	4.648505	10.632627
3461	5293.544592	73.625201	-5.467525	4.647149	10.506135
3463	5295.615696	73.560622	-5.413684	4.647081	10.432679
3465	5297.686798	73.492751	-5.348016	4.646939	10.641633
3467	5299.758464	73.362592	-5.250191	4.646693	10.530871
3469	5301.830055	73.258960	-5.181165	4.646389	10.255765
3471	5303.902103	73.155583	-5.131446	4.644811	10.214673
3473	5305.974834	73.115429	-5.059731	4.643405	10.219561
3475	5308.047151	73.081877	-4.975650	4.642684	10.577673
3477	5310.119223	73.130122	-4.903193	4.641502	10.266924
3479	5312.191002	73.009399	-4.813355	4.640833	10.256569
3481	5314.261264	72.960176	-4.743042	4.640056	9.853243
3483	5316.332265	72.909713	-4.672005	4.639651	10.473096
3485	5318.402474	72.693639	-4.569863	4.638445	10.180343
3487	5320.473294	72.708579	-4.500013	4.638903	10.233018
3489	5322.543726	72.596047	-4.425079	4.638469	9.728395
3491	5324.614294	72.514012	-4.354803	4.638117	10.079065
3493	5326.685812	72.405871	-4.271090	4.637445	9.853411
3495	5328.756614	72.306129	-4.200510	4.636952	9.930253
3497	5330.828142	72.222090	-4.129912	4.636408	9.809817
3499	5332.899755	72.127803	-4.053352	4.635665	9.929420
3501	5334.971573	72.047794	-3.989976	4.635555	10.254166
3503	5337.043689	71.970738	-3.921087	4.635563	9.827393
3505	5339.115622	71.946474	-3.855478	4.635843	9.777064
3507	5341.187273	71.868067	-3.776565	4.636439	9.972847
3509	5343.258802	71.770880	-3.701741	4.636449	9.706098
3511	5345.329537	71.824174	-3.654745	4.635736	9.658107
3513	5347.399775	71.729970	-3.559050	4.633584	9.905539
3515	5349.469555	71.623264	-3.502662	4.631593	9.592071
3517	5351.539461	71.469304	-3.420064	4.630087	9.960201
3519	5353.609695	71.343045	-3.350149	4.629238	9.509885
3521	5355.680483	71.279014	-3.282446	4.628622	9.699168
3523	5357.751414	71.100476	-3.200813	4.629146	9.420309
3527	5361.893747	70.898071	-3.057686	4.628729	9.487172
3529	5363.965507	70.846342	-3.025250	4.628586	9.336900
3531	5366.037692	70.791361	-2.948566	4.627800	9.470420
3533	5368.110258	70.758278	-2.886475	4.627134	9.452976
3535	5370.182644	70.739266	-2.811894	4.626434	9.470642
3537	5372.254426	70.710797	-2.739422	4.626338	9.554964
3539	5374.325763	70.584852	-2.648945	4.625722	9.479951
3541	5376.396891	70.549393	-2.587845	4.625713	9.583395
3543	5378.467333	70.321413	-2.537902	4.625080	9.439979
3545	5380.537688	70.452687	-2.454373	4.625223	9.633658
3547	5382.608431	70.298238	-2.384913	4.624777	9.458180
3549	5384.679241	70.201639	-2.326546	4.625015	9.499779
3551	5386.750061	70.129184	-2.260279	4.624364	9.205166
3553	5388.821129	70.094960	-2.200196	4.624266	9.184297
3555	5390.892602	69.937059	-2.116159	4.623977	9.168976
3557	5392.964246	69.847203	-2.068109	4.623986	9.434064
3559	5395.035877	69.791730	-2.006750	4.624376	9.281040
3561	5397.107584	69.656556	-1.922708	4.624846	9.402314
3563	5399.179536	69.637794	-1.866462	4.625193	9.120041
3565	5401.250946	69.626557	-1.797658	4.625497	9.378171
3567	5403.321730	69.580465	-1.741662	4.625537	9.341540
3569	5405.392035	69.515350	-1.671543	4.623975	9.359385
3571	5407.462148	69.448929	-1.619317	4.622476	8.871698
3573	5409.531981	69.288122	-1.541227	4.621390	9.048451
3575	5411.602047	69.139021	-1.466468	4.620557	9.145897
3577	5413.672559	69.047646	-1.417745	4.620335	9.018798
3579	5415.743414	68.940971	-1.351552	4.620256	8.902821
3581	5417.814300	68.827119	-1.292726	4.620520	9.032262
3585	5421.957449	68.680307	-1.179919	4.620510	9.030744
3587	5424.029467	68.612746	-1.126214	4.620087	8.999106
3589	5426.101726	68.588547	-1.072180	4.619530	8.671976
3591	5428.173896	68.549126	-1.013565	4.619536	8.883363
3593	5430.246189	68.498910	-0.938986	4.619273	8.864990
3595	5432.317290	68.443835	-0.885720	4.619421	9.139449
3597	5434.388461	68.363471	-0.809106	4.619224	8.758140
3599	5436.459010	68.126208	-0.755018	4.618818	8.776185
3601	5438.529697	68.229121	-0.710153	4.619414	8.888350
3603	5440.600227	68.157770	-0.624378	4.619208	8.546598
3605	5442.670975	68.068563	-0.579221	4.619372	8.571136
3607	5444.741766	67.944905	-0.515451	4.619618	8.719249
3609	5446.813286	67.869813	-0.463731	4.619875	8.914488
3611	5448.884770	67.805999	-0.405152	4.619902	8.421183
3613	5450.956043	67.716505	-0.347963	4.620214	8.694220
3615	5453.027791	67.625984	-0.285382	4.620804	8.897550
3617	5455.099519	67.582043	-0.216193	4.621398	8.734255
