crossing time (s)	slope (V/s)	crossing number
281474976710655.000000	12.329711	3328	0.000000
281474976710655.000000	12.617232	3329	0.000000
281474976710655.000000	12.098035	3330	0.000000
281474976710655.000000	12.312718	3331	0.000000
281474976710655.000000	12.539439	3332	0.000000
281474976710655.000000	12.489747	3333	0.000000
281474976710655.000000	12.459409	3334	0.000000
281474976710655.000000	12.478506	3335	0.000000
281474976710655.000000	12.378298	3336	0.000000
281474976710655.000000	12.589473	3337	0.000000
281474976710655.000000	12.542459	3338	0.000000
281474976710655.000000	12.449858	3339	0.000000
281474976710655.000000	12.657179	3340	0.000000
281474976710655.000000	12.747526	3341	0.000000
281474976710655.000000	12.160867	3342	0.000000
281474976710655.000000	12.234761	3343	0.000000
281474976710655.000000	12.317036	3344	0.000000
281474976710655.000000	12.513404	3345	0.000000
281474976710655.000000	12.321735	3346	0.000000
281474976710655.000000	12.583300	3347	0.000000
281474976710655.000000	12.293021	3348	0.000000
281474976710655.000000	12.430019	3349	0.000000
281474976710655.000000	12.860313	3350	0.000000
281474976710655.000000	12.174817	3351	0.000000
281474976710655.000000	12.080734	3352	0.000000
281474976710655.000000	12.221869	3353	0.000000
281474976710655.000000	11.915735	3354	0.000000
281474976710655.000000	12.184670	3355	0.000000
281474976710655.000000	12.092955	3356	0.000000
281474976710655.000000	11.953604	3357	0.000000
281474976710655.000000	12.075708	3358	0.000000
281474976710655.000000	12.145452	3359	0.000000
281474976710655.000000	12.049043	3360	0.000000
281474976710655.000000	12.071283	3361	0.000000
281474976710655.000000	12.079462	3362	0.000000
281474976710655.000000	12.144000	3363	0.000000
281474976710655.000000	12.209769	3364	0.000000
281474976710655.000000	12.039004	3365	0.000000
281474976710655.000000	12.081424	3366	0.000000
281474976710655.000000	12.056534	3367	0.000000
281474976710655.000000	11.934444	3368	0.000000
281474976710655.000000	11.852989	3369	0.000000
281474976710655.000000	12.071823	3370	0.000000
281474976710655.000000	11.723533	3371	0.000000
281474976710655.000000	12.155637	3372	0.000000
281474976710655.000000	12.458149	3373	0.000000
281474976710655.000000	11.780972	3374	0.000000
281474976710655.000000	11.816595	3375	0.000000
281474976710655.000000	11.814550	3376	0.000000
281474976710655.000000	11.856486	3377	0.000000
281474976710655.000000	11.676032	3378	0.000000
281474976710655.000000	11.646250	3379	0.000000
281474976710655.000000	11.754274	3380	0.000000
281474976710655.000000	11.927735	3381	0.000000
281474976710655.000000	11.914282	3382	0.000000
281474976710655.000000	11.788467	3383	0.000000
281474976710655.000000	11.492882	3384	0.000000
281474976710655.000000	11.544973	3385	0.000000
281474976710655.000000	11.646769	3386	0.000000
281474976710655.000000	11.544908	3387	0.000000
281474976710655.000000	11.525686	3388	0.000000
281474976710655.000000	11.565565	3389	0.000000
281474976710655.000000	11.620600	3390	0.000000
281474976710655.000000	11.457419	3391	0.000000
281474976710655.000000	11.325607	3392	0.000000
281474976710655.000000	11.476626	3393	0.000000
281474976710655.000000	11.640226	3394	0.000000
281474976710655.000000	11.616144	3395	0.000000
281474976710655.000000	11.440917	3396	0.000000
281474976710655.000000	11.350290	3397	0.000000
281474976710655.000000	11.556539	3398	0.000000
281474976710655.000000	11.241426	3399	0.000000
281474976710655.000000	11.504624	3400	0.000000
281474976710655.000000	11.467382	3401	0.000000
281474976710655.000000	11.282383	3402	0.000000
281474976710655.000000	11.125180	3403	0.000000
281474976710655.000000	11.293807	3404	0.000000
281474976710655.000000	11.497775	3405	0.000000
281474976710655.000000	11.286022	3406	0.000000
281474976710655.000000	11.264659	3407	0.000000
281474976710655.000000	11.476417	3408	0.000000
281474976710655.000000	11.467037	3409	0.000000
281474976710655.000000	11.158399	3410	0.000000
281474976710655.000000	11.432176	3411	0.000000
281474976710655.000000	11.193982	3412	0.000000
281474976710655.000000	11.179462	3413	0.000000
281474976710655.000000	11.361922	3414	0.000000
281474976710655.000000	11.145770	3415	0.000000
281474976710655.000000	11.314221	3416	0.000000
281474976710655.000000	10.969783	3417	0.000000
281474976710655.000000	11.107553	3418	0.000000
281474976710655.000000	11.185875	3419	0.000000
281474976710655.000000	11.298193	3420	0.000000
281474976710655.000000	11.138938	3421	0.000000
281474976710655.000000	11.026572	3422	0.000000
281474976710655.000000	11.260126	3423	0.000000
281474976710655.000000	10.925544	3424	0.000000
281474976710655.000000	11.318465	3425	0.000000
281474976710655.000000	11.082253	3426	0.000000
281474976710655.000000	10.873264	3427	0.000000
281474976710655.000000	11.304317	3428	0.000000
281474976710655.000000	10.991454	3429	0.000000
281474976710655.000000	11.041225	3430	0.000000
281474976710655.000000	10.880208	3431	0.000000
281474976710655.000000	11.018682	3432	0.000000
281474976710655.000000	11.025272	3433	0.000000
281474976710655.000000	11.157595	3434	0.000000
281474976710655.000000	10.988288	3435	0.000000
281474976710655.000000	10.852417	3436	0.000000
281474976710655.000000	10.933615	3437	0.000000
281474976710655.000000	11.035666	3438	0.000000
281474976710655.000000	10.787408	3439	0.000000
281474976710655.000000	10.790347	3440	0.000000
281474976710655.000000	10.826125	3441	0.000000
281474976710655.000000	10.791576	3442	0.000000
281474976710655.000000	10.845892	3443	0.000000
281474976710655.000000	10.925128	3444	0.000000
281474976710655.000000	10.631666	3445	0.000000
281474976710655.000000	10.744419	3446	0.000000
281474976710655.000000	10.706868	3447	0.000000
281474976710655.000000	10.656565	3448	0.000000
281474976710655.000000	10.666644	3449	0.000000
281474976710655.000000	10.625825	3450	0.000000
281474976710655.000000	10.657422	3451	0.000000
281474976710655.000000	10.804447	3452	0.000000
281474976710655.000000	10.583076	3453	0.000000
281474976710655.000000	10.546350	3454	0.000000
281474976710655.000000	10.607235	3455	0.000000
281474976710655.000000	10.643286	3456	0.000000
281474976710655.000000	10.444943	3457	0.000000
281474976710655.000000	10.671683	3458	0.000000
281474976710655.000000	10.686984	3459	0.000000
281474976710655.000000	10.482813	3460	0.000000
281474976710655.000000	10.454425	3461	0.000000
281474976710655.000000	10.400054	3462	0.000000
281474976710655.000000	10.506235	3463	0.000000
281474976710655.000000	10.525826	3464	0.000000
281474976710655.000000	10.437698	3465	0.000000
281474976710655.000000	10.340015	3466	0.000000
281474976710655.000000	10.304709	3467	0.000000
281474976710655.000000	10.389487	3468	0.000000
281474976710655.000000	10.430693	3469	0.000000
281474976710655.000000	10.357973	3470	0.000000
281474976710655.000000	10.451957	3471	0.000000
281474976710655.000000	10.334590	3472	0.000000
281474976710655.000000	10.256799	3473	0.000000
281474976710655.000000	10.543491	3474	0.000000
281474976710655.000000	10.365500	3475	0.000000
281474976710655.000000	10.324014	3476	0.000000
281474976710655.000000	10.477840	3477	0.000000
281474976710655.000000	10.303236	3478	0.000000
281474976710655.000000	10.229941	3479	0.000000
281474976710655.000000	10.059216	3480	0.000000
281474976710655.000000	10.359084	3481	0.000000
281474976710655.000000	10.164699	3482	0.000000
281474976710655.000000	10.164834	3483	0.000000
281474976710655.000000	10.330331	3484	0.000000
281474976710655.000000	10.208570	3485	0.000000
281474976710655.000000	10.166343	3486	0.000000
281474976710655.000000	10.233678	3487	0.000000
281474976710655.000000	10.122937	3488	0.000000
281474976710655.000000	10.332729	3489	0.000000
281474976710655.000000	10.222666	3490	0.000000
281474976710655.000000	10.035363	3491	0.000000
281474976710655.000000	10.140900	3492	0.000000
281474976710655.000000	10.212982	3493	0.000000
281474976710655.000000	10.138706	3494	0.000000
281474976710655.000000	10.111550	3495	0.000000
281474976710655.000000	9.949106	3496	0.000000
281474976710655.000000	10.071287	3497	0.000000
281474976710655.000000	10.142854	3498	0.000000
281474976710655.000000	10.048509	3499	0.000000
281474976710655.000000	10.042987	3500	0.000000
281474976710655.000000	10.058939	3501	0.000000
281474976710655.000000	9.991512	3502	0.000000
281474976710655.000000	9.889616	3503	0.000000
281474976710655.000000	10.026616	3504	0.000000
281474976710655.000000	10.005025	3505	0.000000
281474976710655.000000	9.932684	3506	0.000000
281474976710655.000000	9.799692	3507	0.000000
281474976710655.000000	9.840480	3508	0.000000
281474976710655.000000	9.861907	3509	0.000000
281474976710655.000000	9.799194	3510	0.000000
281474976710655.000000	10.000200	3511	0.000000
281474976710655.000000	9.979571	3512	0.000000
281474976710655.000000	9.776073	3513	0.000000
281474976710655.000000	9.782195	3514	0.000000
281474976710655.000000	9.760612	3515	0.000000
281474976710655.000000	9.738811	3516	0.000000
281474976710655.000000	9.707032	3517	0.000000
281474976710655.000000	9.681399	3518	0.000000
281474976710655.000000	9.692224	3519	0.000000
281474976710655.000000	9.699419	3520	0.000000
281474976710655.000000	9.677025	3521	0.000000
281474976710655.000000	9.685934	3522	0.000000
281474976710655.000000	9.591100	3523	0.000000
281474976710655.000000	9.917569	3524	0.000000
281474976710655.000000	9.756902	3525	0.000000
281474976710655.000000	9.543491	3526	0.000000
281474976710655.000000	9.510905	3527	0.000000
281474976710655.000000	9.718955	3528	0.000000
281474976710655.000000	9.672780	3529	0.000000
281474976710655.000000	9.568040	3530	0.000000
281474976710655.000000	9.656522	3531	0.000000
281474976710655.000000	9.702501	3532	0.000000
281474976710655.000000	9.654304	3533	0.000000
281474976710655.000000	9.526089	3534	0.000000
281474976710655.000000	9.710751	3535	0.000000
281474976710655.000000	9.623109	3536	0.000000
281474976710655.000000	9.555985	3537	0.000000
281474976710655.000000	9.509654	3538	0.000000
281474976710655.000000	9.408390	3539	0.000000
281474976710655.000000	9.631314	3540	0.000000
281474976710655.000000	9.244606	3541	0.000000
281474976710655.000000	9.562564	3542	0.000000
281474976710655.000000	9.452383	3543	0.000000
281474976710655.000000	9.440716	3544	0.000000
281474976710655.000000	9.496278	3545	0.000000
281474976710655.000000	9.502114	3546	0.000000
281474976710655.000000	9.370148	3547	0.000000
281474976710655.000000	9.450943	3548	0.000000
281474976710655.000000	9.345635	3549	0.000000
281474976710655.000000	9.386856	3550	0.000000
281474976710655.000000	9.415812	3551	0.000000
281474976710655.000000	9.352669	3552	0.000000
281474976710655.000000	9.531330	3553	0.000000
281474976710655.000000	9.339803	3554	0.000000
281474976710655.000000	9.456110	3555	0.000000
281474976710655.000000	9.425165	3556	0.000000
281474976710655.000000	9.282813	3557	0.000000
281474976710655.000000	9.148487	3558	0.000000
281474976710655.000000	9.162059	3559	0.000000
281474976710655.000000	9.347687	3560	0.000000
281474976710655.000000	9.350716	3561	0.000000
281474976710655.000000	9.199248	3562	0.000000
281474976710655.000000	9.281685	3563	0.000000
281474976710655.000000	9.249199	3564	0.000000
281474976710655.000000	9.115161	3565	0.000000
281474976710655.000000	9.244390	3566	0.000000
281474976710655.000000	9.320433	3567	0.000000
281474976710655.000000	9.201035	3568	0.000000
281474976710655.000000	9.152679	3569	0.000000
281474976710655.000000	9.117133	3570	0.000000
281474976710655.000000	9.243958	3571	0.000000
281474976710655.000000	9.185669	3572	0.000000
281474976710655.000000	8.966869	3573	0.000000
281474976710655.000000	9.088899	3574	0.000000
281474976710655.000000	9.246786	3575	0.000000
281474976710655.000000	9.278448	3576	0.000000
281474976710655.000000	9.116470	3577	0.000000
281474976710655.000000	9.051384	3578	0.000000
281474976710655.000000	9.062181	3579	0.000000
281474976710655.000000	9.174984	3580	0.000000
281474976710655.000000	9.102288	3581	0.000000
281474976710655.000000	9.139670	3582	0.000000
281474976710655.000000	9.023676	3583	0.000000
281474976710655.000000	9.034280	3584	0.000000
281474976710655.000000	8.926103	3585	0.000000
281474976710655.000000	9.049039	3586	0.000000
281474976710655.000000	8.979018	3587	0.000000
281474976710655.000000	9.102265	3588	0.000000
281474976710655.000000	9.001105	3589	0.000000
281474976710655.000000	8.938905	3590	0.000000
281474976710655.000000	8.896146	3591	0.000000
281474976710655.000000	8.942799	3592	0.000000
281474976710655.000000	9.068748	3593	0.000000
281474976710655.000000	9.003450	3594	0.000000
281474976710655.000000	8.901958	3595	0.000000
281474976710655.000000	8.807777	3596	0.000000
281474976710655.000000	8.787739	3597	0.000000
281474976710655.000000	8.896327	3598	0.000000
281474976710655.000000	8.979995	3599	0.000000
281474976710655.000000	8.827329	3600	0.000000
281474976710655.000000	8.768980	3601	0.000000
281474976710655.000000	8.808519	3602	0.000000
281474976710655.000000	8.819634	3603	0.000000
281474976710655.000000	8.824544	3604	0.000000
281474976710655.000000	8.792879	3605	0.000000
281474976710655.000000	8.731730	3606	0.000000
281474976710655.000000	8.728120	3607	0.000000
281474976710655.000000	8.733114	3608	0.000000
281474976710655.000000	8.706942	3609	0.000000
281474976710655.000000	8.761203	3610	0.000000
281474976710655.000000	8.782078	3611	0.000000
281474976710655.000000	8.783533	3612	0.000000
281474976710655.000000	8.723138	3613	0.000000
281474976710655.000000	8.659444	3614	0.000000
281474976710655.000000	8.639997	3615	0.000000
281474976710655.000000	8.788685	3616	0.000000
281474976710655.000000	8.646469	3617	0.000000
281474976710655.000000	8.648533	3618	0.000000
281474976710655.000000	8.545926	3619	0.000000
281474976710655.000000	8.642444	3620	0.000000
281474976710655.000000	8.749877	3621	0.000000
